{
  "nbformat": 4,
  "nbformat_minor": 0,
  "metadata": {
    "colab": {
      "name": "compare_methods_bazin_mock_dataset.ipynb",
      "provenance": [],
      "collapsed_sections": [],
      "machine_shape": "hm",
      "authorship_tag": "ABX9TyMcZEs2Q49v1V6gZaiRWW4c",
      "include_colab_link": true
    },
    "kernelspec": {
      "name": "python3",
      "display_name": "Python 3"
    }
  },
  "cells": [
    {
      "cell_type": "markdown",
      "metadata": {
        "id": "view-in-github",
        "colab_type": "text"
      },
      "source": [
        "<a href=\"https://colab.research.google.com/github/daniel-muthukrishna/transomaly/blob/master/compare_methods_bazin_mock_dataset.ipynb\" target=\"_parent\"><img src=\"https://colab.research.google.com/assets/colab-badge.svg\" alt=\"Open In Colab\"/></a>"
      ]
    },
    {
      "cell_type": "code",
      "metadata": {
        "id": "_Se23rOgdXar",
        "outputId": "ca42ba1a-cd19-4a91-85e9-2427a6526b7c",
        "colab": {
          "base_uri": "https://localhost:8080/",
          "height": 34
        }
      },
      "source": [
        "from google.colab import drive\n",
        "drive.mount(\"/content/gdrive\")"
      ],
      "execution_count": 1,
      "outputs": [
        {
          "output_type": "stream",
          "text": [
            "Mounted at /content/gdrive\n"
          ],
          "name": "stdout"
        }
      ]
    },
    {
      "cell_type": "code",
      "metadata": {
        "id": "V8hgTV78dhr6",
        "outputId": "9f37a02b-14e5-4f1d-85a1-14ed999cde44",
        "colab": {
          "base_uri": "https://localhost:8080/",
          "height": 1000
        }
      },
      "source": [
        "! pip install astrorapid\n",
        "! pip install emcee\n",
        "! pip install corner\n",
        "# ! pip install celerite\n",
        "# ! pip install keras-tcn\n",
        "# ! pip install tensorflow-gpu"
      ],
      "execution_count": 2,
      "outputs": [
        {
          "output_type": "stream",
          "text": [
            "Collecting astrorapid\n",
            "\u001b[?25l  Downloading https://files.pythonhosted.org/packages/f0/5c/dc62658c8182df9bc86e29688a41d38e617f38fca0548855d8b08031da9b/astrorapid-0.2.11-py3-none-any.whl (8.3MB)\n",
            "\u001b[K     |████████████████████████████████| 8.3MB 5.7MB/s \n",
            "\u001b[?25hRequirement already satisfied: scikit-learn in /usr/local/lib/python3.6/dist-packages (from astrorapid) (0.22.2.post1)\n",
            "Requirement already satisfied: numpy in /usr/local/lib/python3.6/dist-packages (from astrorapid) (1.18.5)\n",
            "Requirement already satisfied: pandas in /usr/local/lib/python3.6/dist-packages (from astrorapid) (1.1.2)\n",
            "Requirement already satisfied: astropy in /usr/local/lib/python3.6/dist-packages (from astrorapid) (4.0.1.post1)\n",
            "Collecting extinction==0.4\n",
            "\u001b[?25l  Downloading https://files.pythonhosted.org/packages/46/2e/7173c3d81f1e535b301297a4bf68d7e13001493d6c4c23d2e6b408e72cc7/extinction-0.4.0.tar.gz (151kB)\n",
            "\u001b[K     |████████████████████████████████| 153kB 83.8MB/s \n",
            "\u001b[?25hRequirement already satisfied: tensorflow in /usr/local/lib/python3.6/dist-packages (from astrorapid) (2.3.0)\n",
            "Requirement already satisfied: keras in /usr/local/lib/python3.6/dist-packages (from astrorapid) (2.4.3)\n",
            "Requirement already satisfied: joblib>=0.11 in /usr/local/lib/python3.6/dist-packages (from scikit-learn->astrorapid) (0.16.0)\n",
            "Requirement already satisfied: scipy>=0.17.0 in /usr/local/lib/python3.6/dist-packages (from scikit-learn->astrorapid) (1.4.1)\n",
            "Requirement already satisfied: pytz>=2017.2 in /usr/local/lib/python3.6/dist-packages (from pandas->astrorapid) (2018.9)\n",
            "Requirement already satisfied: python-dateutil>=2.7.3 in /usr/local/lib/python3.6/dist-packages (from pandas->astrorapid) (2.8.1)\n",
            "Requirement already satisfied: gast==0.3.3 in /usr/local/lib/python3.6/dist-packages (from tensorflow->astrorapid) (0.3.3)\n",
            "Requirement already satisfied: absl-py>=0.7.0 in /usr/local/lib/python3.6/dist-packages (from tensorflow->astrorapid) (0.10.0)\n",
            "Requirement already satisfied: h5py<2.11.0,>=2.10.0 in /usr/local/lib/python3.6/dist-packages (from tensorflow->astrorapid) (2.10.0)\n",
            "Requirement already satisfied: protobuf>=3.9.2 in /usr/local/lib/python3.6/dist-packages (from tensorflow->astrorapid) (3.12.4)\n",
            "Requirement already satisfied: tensorboard<3,>=2.3.0 in /usr/local/lib/python3.6/dist-packages (from tensorflow->astrorapid) (2.3.0)\n",
            "Requirement already satisfied: astunparse==1.6.3 in /usr/local/lib/python3.6/dist-packages (from tensorflow->astrorapid) (1.6.3)\n",
            "Requirement already satisfied: google-pasta>=0.1.8 in /usr/local/lib/python3.6/dist-packages (from tensorflow->astrorapid) (0.2.0)\n",
            "Requirement already satisfied: keras-preprocessing<1.2,>=1.1.1 in /usr/local/lib/python3.6/dist-packages (from tensorflow->astrorapid) (1.1.2)\n",
            "Requirement already satisfied: wrapt>=1.11.1 in /usr/local/lib/python3.6/dist-packages (from tensorflow->astrorapid) (1.12.1)\n",
            "Requirement already satisfied: termcolor>=1.1.0 in /usr/local/lib/python3.6/dist-packages (from tensorflow->astrorapid) (1.1.0)\n",
            "Requirement already satisfied: six>=1.12.0 in /usr/local/lib/python3.6/dist-packages (from tensorflow->astrorapid) (1.15.0)\n",
            "Requirement already satisfied: wheel>=0.26 in /usr/local/lib/python3.6/dist-packages (from tensorflow->astrorapid) (0.35.1)\n",
            "Requirement already satisfied: opt-einsum>=2.3.2 in /usr/local/lib/python3.6/dist-packages (from tensorflow->astrorapid) (3.3.0)\n",
            "Requirement already satisfied: tensorflow-estimator<2.4.0,>=2.3.0 in /usr/local/lib/python3.6/dist-packages (from tensorflow->astrorapid) (2.3.0)\n",
            "Requirement already satisfied: grpcio>=1.8.6 in /usr/local/lib/python3.6/dist-packages (from tensorflow->astrorapid) (1.32.0)\n",
            "Requirement already satisfied: pyyaml in /usr/local/lib/python3.6/dist-packages (from keras->astrorapid) (3.13)\n",
            "Requirement already satisfied: setuptools in /usr/local/lib/python3.6/dist-packages (from protobuf>=3.9.2->tensorflow->astrorapid) (50.3.0)\n",
            "Requirement already satisfied: tensorboard-plugin-wit>=1.6.0 in /usr/local/lib/python3.6/dist-packages (from tensorboard<3,>=2.3.0->tensorflow->astrorapid) (1.7.0)\n",
            "Requirement already satisfied: google-auth-oauthlib<0.5,>=0.4.1 in /usr/local/lib/python3.6/dist-packages (from tensorboard<3,>=2.3.0->tensorflow->astrorapid) (0.4.1)\n",
            "Requirement already satisfied: werkzeug>=0.11.15 in /usr/local/lib/python3.6/dist-packages (from tensorboard<3,>=2.3.0->tensorflow->astrorapid) (1.0.1)\n",
            "Requirement already satisfied: requests<3,>=2.21.0 in /usr/local/lib/python3.6/dist-packages (from tensorboard<3,>=2.3.0->tensorflow->astrorapid) (2.23.0)\n",
            "Requirement already satisfied: markdown>=2.6.8 in /usr/local/lib/python3.6/dist-packages (from tensorboard<3,>=2.3.0->tensorflow->astrorapid) (3.2.2)\n",
            "Requirement already satisfied: google-auth<2,>=1.6.3 in /usr/local/lib/python3.6/dist-packages (from tensorboard<3,>=2.3.0->tensorflow->astrorapid) (1.17.2)\n",
            "Requirement already satisfied: requests-oauthlib>=0.7.0 in /usr/local/lib/python3.6/dist-packages (from google-auth-oauthlib<0.5,>=0.4.1->tensorboard<3,>=2.3.0->tensorflow->astrorapid) (1.3.0)\n",
            "Requirement already satisfied: chardet<4,>=3.0.2 in /usr/local/lib/python3.6/dist-packages (from requests<3,>=2.21.0->tensorboard<3,>=2.3.0->tensorflow->astrorapid) (3.0.4)\n",
            "Requirement already satisfied: urllib3!=1.25.0,!=1.25.1,<1.26,>=1.21.1 in /usr/local/lib/python3.6/dist-packages (from requests<3,>=2.21.0->tensorboard<3,>=2.3.0->tensorflow->astrorapid) (1.24.3)\n",
            "Requirement already satisfied: certifi>=2017.4.17 in /usr/local/lib/python3.6/dist-packages (from requests<3,>=2.21.0->tensorboard<3,>=2.3.0->tensorflow->astrorapid) (2020.6.20)\n",
            "Requirement already satisfied: idna<3,>=2.5 in /usr/local/lib/python3.6/dist-packages (from requests<3,>=2.21.0->tensorboard<3,>=2.3.0->tensorflow->astrorapid) (2.10)\n",
            "Requirement already satisfied: importlib-metadata; python_version < \"3.8\" in /usr/local/lib/python3.6/dist-packages (from markdown>=2.6.8->tensorboard<3,>=2.3.0->tensorflow->astrorapid) (2.0.0)\n",
            "Requirement already satisfied: pyasn1-modules>=0.2.1 in /usr/local/lib/python3.6/dist-packages (from google-auth<2,>=1.6.3->tensorboard<3,>=2.3.0->tensorflow->astrorapid) (0.2.8)\n",
            "Requirement already satisfied: cachetools<5.0,>=2.0.0 in /usr/local/lib/python3.6/dist-packages (from google-auth<2,>=1.6.3->tensorboard<3,>=2.3.0->tensorflow->astrorapid) (4.1.1)\n",
            "Requirement already satisfied: rsa<5,>=3.1.4; python_version >= \"3\" in /usr/local/lib/python3.6/dist-packages (from google-auth<2,>=1.6.3->tensorboard<3,>=2.3.0->tensorflow->astrorapid) (4.6)\n",
            "Requirement already satisfied: oauthlib>=3.0.0 in /usr/local/lib/python3.6/dist-packages (from requests-oauthlib>=0.7.0->google-auth-oauthlib<0.5,>=0.4.1->tensorboard<3,>=2.3.0->tensorflow->astrorapid) (3.1.0)\n",
            "Requirement already satisfied: zipp>=0.5 in /usr/local/lib/python3.6/dist-packages (from importlib-metadata; python_version < \"3.8\"->markdown>=2.6.8->tensorboard<3,>=2.3.0->tensorflow->astrorapid) (3.2.0)\n",
            "Requirement already satisfied: pyasn1<0.5.0,>=0.4.6 in /usr/local/lib/python3.6/dist-packages (from pyasn1-modules>=0.2.1->google-auth<2,>=1.6.3->tensorboard<3,>=2.3.0->tensorflow->astrorapid) (0.4.8)\n",
            "Building wheels for collected packages: extinction\n",
            "  Building wheel for extinction (setup.py) ... \u001b[?25l\u001b[?25hdone\n",
            "  Created wheel for extinction: filename=extinction-0.4.0-cp36-cp36m-linux_x86_64.whl size=328508 sha256=ef851b6f5b8f437b295e8ee1f2876c96faa2e959ab95b86e0783d3650ea096e4\n",
            "  Stored in directory: /root/.cache/pip/wheels/f3/b4/65/aac6a9be9d670e4da20675b82671fb1475044408ebcdecfc9b\n",
            "Successfully built extinction\n",
            "Installing collected packages: extinction, astrorapid\n",
            "Successfully installed astrorapid-0.2.11 extinction-0.4.0\n",
            "Collecting emcee\n",
            "\u001b[?25l  Downloading https://files.pythonhosted.org/packages/97/f4/00151f5f843088337c6a53edd6cbb2df340f1044d23080c662f95219cc3f/emcee-3.0.2-py2.py3-none-any.whl (41kB)\n",
            "\u001b[K     |████████████████████████████████| 51kB 3.6MB/s \n",
            "\u001b[?25hRequirement already satisfied: numpy in /usr/local/lib/python3.6/dist-packages (from emcee) (1.18.5)\n",
            "Installing collected packages: emcee\n",
            "Successfully installed emcee-3.0.2\n",
            "Collecting corner\n",
            "  Downloading https://files.pythonhosted.org/packages/5a/ff/df5e34996aec8bc342c72714d1384e9af17259e6f60c2a63da2f53ba1631/corner-2.1.0-py2.py3-none-any.whl\n",
            "Requirement already satisfied: setuptools>=40.6.0 in /usr/local/lib/python3.6/dist-packages (from corner) (50.3.0)\n",
            "Requirement already satisfied: wheel in /usr/local/lib/python3.6/dist-packages (from corner) (0.35.1)\n",
            "Collecting setuptools-scm\n",
            "  Downloading https://files.pythonhosted.org/packages/ad/d3/e54f8b4cde0f6fb4f231629f570c1a33ded18515411dee6df6fe363d976f/setuptools_scm-4.1.2-py2.py3-none-any.whl\n",
            "Requirement already satisfied: matplotlib>=2.1 in /usr/local/lib/python3.6/dist-packages (from corner) (3.2.2)\n",
            "Requirement already satisfied: kiwisolver>=1.0.1 in /usr/local/lib/python3.6/dist-packages (from matplotlib>=2.1->corner) (1.2.0)\n",
            "Requirement already satisfied: numpy>=1.11 in /usr/local/lib/python3.6/dist-packages (from matplotlib>=2.1->corner) (1.18.5)\n",
            "Requirement already satisfied: cycler>=0.10 in /usr/local/lib/python3.6/dist-packages (from matplotlib>=2.1->corner) (0.10.0)\n",
            "Requirement already satisfied: python-dateutil>=2.1 in /usr/local/lib/python3.6/dist-packages (from matplotlib>=2.1->corner) (2.8.1)\n",
            "Requirement already satisfied: pyparsing!=2.0.4,!=2.1.2,!=2.1.6,>=2.0.1 in /usr/local/lib/python3.6/dist-packages (from matplotlib>=2.1->corner) (2.4.7)\n",
            "Requirement already satisfied: six in /usr/local/lib/python3.6/dist-packages (from cycler>=0.10->matplotlib>=2.1->corner) (1.15.0)\n",
            "Installing collected packages: setuptools-scm, corner\n",
            "Successfully installed corner-2.1.0 setuptools-scm-4.1.2\n"
          ],
          "name": "stdout"
        }
      ]
    },
    {
      "cell_type": "code",
      "metadata": {
        "id": "GlB4vLMzdskJ",
        "outputId": "0dced8b8-783f-4485-ff24-f98cd866f883",
        "colab": {
          "base_uri": "https://localhost:8080/",
          "height": 34
        }
      },
      "source": [
        "% cd /content/gdrive/My Drive/Projects/transomaly"
      ],
      "execution_count": 3,
      "outputs": [
        {
          "output_type": "stream",
          "text": [
            "/content/gdrive/My Drive/Projects/transomaly\n"
          ],
          "name": "stdout"
        }
      ]
    },
    {
      "cell_type": "code",
      "metadata": {
        "id": "I51LXPqkTBMn"
      },
      "source": [
        "import numpy as np\n",
        "import matplotlib.pyplot as plt\n",
        "from scipy.optimize import minimize\n",
        "import scipy.optimize\n",
        "import tensorflow as tf\n",
        "import tensorflow_probability as tfp\n",
        "import autograd\n",
        "import numpy.linalg as lin\n",
        "import pickle\n",
        "import transomaly\n",
        "from transomaly import helpers\n",
        "\n",
        "\n",
        "\n",
        "COLPB = {'g': 'tab:blue', 'r': 'tab:red'} "
      ],
      "execution_count": 4,
      "outputs": []
    },
    {
      "cell_type": "code",
      "metadata": {
        "id": "3xOYMd2CGaDB",
        "outputId": "26fa5256-7e30-49c3-d09b-2a57b092f754",
        "colab": {
          "base_uri": "https://localhost:8080/",
          "height": 204
        }
      },
      "source": [
        "# GET BAZIN FIT PARAMETERS FROM PLASTICC DATA\n",
        "import os\n",
        "import astrorapid\n",
        "from astrorapid.get_training_data import get_data\n",
        "\n",
        "light_curves_sims = {}\n",
        "\n",
        "for class_num in [1, 2, 3, 51, 60, 64, 61, 62, 63, 90, 92]:\n",
        "    print(\"Getting light curves for class\", class_num)\n",
        "    light_curves_sims[class_num] = get_data(get_data_func=astrorapid.get_training_data.get_data_from_snana_fits,\n",
        "                            class_num=class_num, \n",
        "                            data_dir=os.path.join('data/ZTF_20190512'),\n",
        "                            save_dir=os.path.join('data/saved_light_curves'), \n",
        "                            passbands=('g', 'r'), \n",
        "                            known_redshift=False,\n",
        "                            nprocesses=1, \n",
        "                            redo=False, \n",
        "                            calculate_t0=False)\n",
        "# light_curves = get_data(get_data_func=astrorapid.get_training_data.get_real_ztf_training_data,\n",
        "#                         class_num='Ia', \n",
        "#                         data_dir=os.path.join('data/real_ZTF_data_from_osc'),\n",
        "#                         save_dir=os.path.join('data/saved_real_ZTF_light_curves'), \n",
        "#                         passbands=('g', 'r'), \n",
        "#                         known_redshift=False,\n",
        "#                         nprocesses=1, \n",
        "#                         redo=False, \n",
        "#                         calculate_t0=False)\n",
        "\n"
      ],
      "execution_count": 5,
      "outputs": [
        {
          "output_type": "stream",
          "text": [
            "Getting light curves for class 1\n",
            "Getting light curves for class 2\n",
            "Getting light curves for class 3\n",
            "Getting light curves for class 51\n",
            "Getting light curves for class 60\n",
            "Getting light curves for class 64\n",
            "Getting light curves for class 61\n",
            "Getting light curves for class 62\n",
            "Getting light curves for class 63\n",
            "Getting light curves for class 90\n",
            "Getting light curves for class 92\n"
          ],
          "name": "stdout"
        }
      ]
    },
    {
      "cell_type": "code",
      "metadata": {
        "id": "kC1fhKQFqk_z"
      },
      "source": [
        "# Make mock bazin model dataset and Bayesian functions\n",
        "\n",
        "def get_y_data(fit_until=80, sigma_intrinsic=5, A=100, B=0, t0=10, tau_fall=20, tau_rise=-6, seed=None, t_all=np.arange(-70,80,step=3)):\n",
        "    np.random.seed(seed)\n",
        "    epsilon_intrinsic = np.random.normal(0, sigma_intrinsic, size=50)\n",
        "\n",
        "    sigma_measurement = 20\n",
        "    yerr_all = np.random.normal(0, sigma_measurement, size=50)\n",
        "\n",
        "    numerator = np.exp(-(t_all - t0)/tau_fall)\n",
        "    denominator = 1 + np.exp((t_all-t0)/tau_rise)\n",
        "    y_all = A * numerator/denominator + B + A*epsilon_intrinsic + yerr_all\n",
        "\n",
        "    # Only fit up to day `fit_until`\n",
        "    mask = t_all <= fit_until\n",
        "    t = t_all[mask]\n",
        "    y = y_all[mask]\n",
        "    yerr = yerr_all[mask]\n",
        "    \n",
        "    return t, y, yerr, t_all, y_all, yerr_all\n",
        "\n",
        "\n",
        "def get_y_pred(fit_until=80, logA=2, B=0, t0=10, tau_fall=20, tau_rise=-6, np=np, t_all=np.arange(-70,80,step=3)):\n",
        "    A = 10**logA  # np.exp(logA)\n",
        "\n",
        "    numerator = np.exp(-(t_all - t0)/tau_fall)\n",
        "    denominator = 1 + np.exp((t_all-t0)/tau_rise)\n",
        "    y_all = A * numerator/denominator + B\n",
        "    # Only fit up to day `fit_until`\n",
        "    mask = t_all <= fit_until\n",
        "    t = t_all[mask]\n",
        "    y_pred = y_all[mask]\n",
        "\n",
        "    return t, y_pred\n",
        "    \n",
        "  \n",
        "def log_likelihood(t_data, y_data, sigma_measurement, fit_until=80, log_sigma_intrinsic=0.7, logA=2, B=0, t0=10, tau_fall=20, tau_rise=-6, np=np):\n",
        "    A = 10**logA  # np.exp(logA)\n",
        "    sigma_intrinsic = 10**log_sigma_intrinsic\n",
        "\n",
        "    t, y_pred = get_y_pred(fit_until, logA, B, t0, tau_fall, tau_rise, np, t_all=t_data)\n",
        "\n",
        "    # logL = np.sum(-0.5*np.log(2*np.pi*sigma_intrinsic**2) - 0.5*((y_data - y_pred)**2)/sigma_intrinsic**2)\n",
        "\n",
        "    mse = -0.5 * (y_data - y_pred)**2 / (A**2*sigma_intrinsic**2 + sigma_measurement**2)\n",
        "    sigma_trace = -0.5 * np.log(A**2*sigma_intrinsic**2 + sigma_measurement**2)\n",
        "    log2pi = -0.5 * np.log(2 * np.pi)\n",
        "    logL = np.sum(mse + sigma_trace + log2pi)\n",
        "    if np.isnan(logL):\n",
        "        # print(logL, sigma_intrinsic, A, B, t0, tau_fall, tau_rise)\n",
        "        # print(y_pred, y_data)\n",
        "        logL = -np.inf\n",
        "    return logL\n",
        "  \n",
        "\n",
        "def log_prior(class_num, passband, log_sigma_intrinsic=0.7, logA=2, B=0, t0=10, tau_fall=20, tau_rise=-6, np=np):\n",
        "    x = np.array([log_sigma_intrinsic, logA, B, t0, tau_fall, tau_rise])\n",
        " \n",
        "    if class_num == 1:\n",
        "        if passband == 'g':\n",
        "            means = np.array([-10.18097659,   2.92504036,  -2.21199637,  -0.67569   ,\n",
        "            12.73438492,  -3.41687951])\n",
        "            covariance = np.array([[ 3.05666754e+02,  2.11527445e-01, -1.19573107e+01,\n",
        "            -5.09196537e+00, -1.44343953e+00, -4.44457371e-02],\n",
        "          [ 2.11527445e-01,  1.06291153e-01, -8.42062206e-01,\n",
        "            8.53258913e-01,  1.60241681e-01,  3.68228389e-02],\n",
        "          [-1.19573107e+01, -8.42062206e-01,  2.00847577e+02,\n",
        "            -1.94512588e+01, -1.60153770e+01,  4.22009171e+00],\n",
        "          [-5.09196537e+00,  8.53258913e-01, -1.94512588e+01,\n",
        "            2.93785726e+01, -4.56492757e+00, -1.54782023e+00],\n",
        "          [-1.44343953e+00,  1.60241681e-01, -1.60153770e+01,\n",
        "            -4.56492757e+00,  1.99886112e+01,  1.92999633e-01],\n",
        "          [-4.44457371e-02,  3.68228389e-02,  4.22009171e+00,\n",
        "            -1.54782023e+00,  1.92999633e-01,  1.09341053e+00]])\n",
        "            inverse_covariance = np.array([[ 3.32790175e-03, -1.87376304e-02,  3.16712323e-04,\n",
        "            1.56778089e-03,  9.86990127e-04,  1.58904907e-03],\n",
        "          [-1.87376304e-02,  1.43995450e+01,  2.01633242e-02,\n",
        "            -5.05291731e-01, -2.04030832e-01, -1.24278929e+00],\n",
        "          [ 3.16712323e-04,  2.01633242e-02,  6.33844234e-03,\n",
        "            3.46787053e-03,  5.93708693e-03, -2.12686974e-02],\n",
        "          [ 1.56778089e-03, -5.05291731e-01,  3.46787053e-03,\n",
        "            5.87103635e-02,  1.95457294e-02,  8.33556954e-02],\n",
        "          [ 9.86990127e-04, -2.04030832e-01,  5.93708693e-03,\n",
        "            1.95457294e-02,  6.09473700e-02,  9.07496250e-04],\n",
        "          [ 1.58904907e-03, -1.24278929e+00, -2.12686974e-02,\n",
        "            8.33556954e-02,  9.07496250e-04,  1.15641285e+00]])\n",
        "    if class_num == 1:\n",
        "        if passband == 'r':\n",
        "            means = np.array([-11.58109407,   2.89569173,  -0.12289481,  -2.11271873,\n",
        "            22.4920898 ,  -3.94124942])\n",
        "            covariance = np.array([[ 4.18807667e+02,  3.16901877e-02, -4.62753708e+01,\n",
        "            -1.85339484e+00,  3.15573541e+00, -1.14662102e+00],\n",
        "          [ 3.16901877e-02,  6.51689569e-02, -5.58363612e-01,\n",
        "            7.15796249e-01,  2.44992596e-01,  4.57019002e-02],\n",
        "          [-4.62753708e+01, -5.58363612e-01,  1.65385085e+02,\n",
        "            -1.79594837e+01, -1.86803328e+01,  2.99632193e+00],\n",
        "          [-1.85339484e+00,  7.15796249e-01, -1.79594837e+01,\n",
        "            3.32739731e+01, -4.30329607e+00, -1.86947226e+00],\n",
        "          [ 3.15573541e+00,  2.44992596e-01, -1.86803328e+01,\n",
        "            -4.30329607e+00,  3.64224079e+01,  2.55123047e+00],\n",
        "          [-1.14662102e+00,  4.57019002e-02,  2.99632193e+00,\n",
        "            -1.86947226e+00,  2.55123047e+00,  1.43397477e+00]])\n",
        "            inverse_covariance = np.array([[ 2.47690485e-03, -4.27188723e-03,  7.62414503e-04,\n",
        "            7.30619584e-04,  2.14857565e-04,  1.09387358e-03],\n",
        "          [-4.27188723e-03,  2.33056527e+01,  2.58120483e-02,\n",
        "            -5.78427562e-01, -1.17240702e-01, -1.34562918e+00],\n",
        "          [ 7.62414503e-04,  2.58120483e-02,  7.73218927e-03,\n",
        "            3.13697804e-03,  5.66245122e-03, -2.23541674e-02],\n",
        "          [ 7.30619584e-04, -5.78427562e-01,  3.13697804e-03,\n",
        "            4.86946253e-02,  6.70543767e-03,  6.40176680e-02],\n",
        "          [ 2.14857565e-04, -1.17240702e-01,  5.66245122e-03,\n",
        "            6.70543767e-03,  3.64010079e-02, -6.39437850e-02],\n",
        "          [ 1.09387358e-03, -1.34562918e+00, -2.23541674e-02,\n",
        "            6.40176680e-02, -6.39437850e-02,  9.85057037e-01]])\n",
        "    if class_num == 2:\n",
        "        if passband == 'g':\n",
        "            means = np.array([-9.88991572,  2.83641739, -0.31249515, -5.04658615, 22.51376967,\n",
        "          -2.39059956])\n",
        "            covariance = np.array([[ 3.85724506e+02,  2.15291947e-01, -4.79508716e+01,\n",
        "            6.81824257e-01,  8.24827831e+00,  2.84937176e-01],\n",
        "          [ 2.15291947e-01,  7.50398636e-02, -1.97217381e-01,\n",
        "            7.55089281e-01, -6.04509971e-02,  3.27314509e-02],\n",
        "          [-4.79508716e+01, -1.97217381e-01,  6.08481049e+01,\n",
        "            -4.91444285e+00, -5.88139941e+00,  8.28978735e-01],\n",
        "          [ 6.81824257e-01,  7.55089281e-01, -4.91444285e+00,\n",
        "            3.66992227e+01, -1.01861687e+01, -8.55031031e-01],\n",
        "          [ 8.24827831e+00, -6.04509971e-02, -5.88139941e+00,\n",
        "            -1.01861687e+01,  1.14313731e+02,  2.00579699e+00],\n",
        "          [ 2.84937176e-01,  3.27314509e-02,  8.28978735e-01,\n",
        "            -8.55031031e-01,  2.00579699e+00,  1.69566420e+00]])\n",
        "            inverse_covariance = np.array([[ 2.88172269e-03, -4.83236552e-03,  2.29413308e-03,\n",
        "            3.11059193e-04, -4.18162668e-05, -1.30620610e-03],\n",
        "          [-4.83236552e-03,  1.73384104e+01,  2.84605648e-02,\n",
        "            -3.68457792e-01, -1.27527057e-02, -5.18493649e-01],\n",
        "          [ 2.29413308e-03,  2.84605648e-02,  1.87495289e-02,\n",
        "            1.96364357e-03,  1.17336856e-03, -1.04989910e-02],\n",
        "          [ 3.11059193e-04, -3.68457792e-01,  1.96364357e-03,\n",
        "            3.63435168e-02,  2.75070539e-03,  2.11723436e-02],\n",
        "          [-4.18162668e-05, -1.27527057e-02,  1.17336856e-03,\n",
        "            2.75070539e-03,  9.22230563e-03, -9.84245728e-03],\n",
        "          [-1.30620610e-03, -5.18493649e-01, -1.04989910e-02,\n",
        "            2.11723436e-02, -9.84245728e-03,  6.27418836e-01]])\n",
        "    if class_num == 2:\n",
        "        if passband == 'r':\n",
        "            means = np.array([-8.46830672,  2.76027056, -1.48049536, -4.68258291, 52.51620724,\n",
        "          -3.40306877])\n",
        "            covariance = np.array([[ 1.91103803e+02,  4.96082476e-02, -1.96171281e+01,\n",
        "            6.58129083e-01,  2.77316133e-01, -1.56541989e+00],\n",
        "          [ 4.96082476e-02,  8.13318660e-02, -8.76465515e-01,\n",
        "            8.83743797e-01, -2.29580182e+00,  3.09976477e-01],\n",
        "          [-1.96171281e+01, -8.76465515e-01,  2.31150521e+02,\n",
        "            -1.79005879e+01,  8.46851553e+00, -9.31752717e+00],\n",
        "          [ 6.58129083e-01,  8.83743797e-01, -1.79005879e+01,\n",
        "            4.45911105e+01, -5.95476475e+01, -2.23562942e+00],\n",
        "          [ 2.77316133e-01, -2.29580182e+00,  8.46851553e+00,\n",
        "            -5.95476475e+01,  2.48318699e+03,  1.37616875e+00],\n",
        "          [-1.56541989e+00,  3.09976477e-01, -9.31752717e+00,\n",
        "            -2.23562942e+00,  1.37616875e+00,  1.83565800e+01]])\n",
        "            inverse_covariance = np.array([[ 5.28903938e-03, -3.41776087e-03,  4.84698952e-04,\n",
        "            2.22795039e-04, -4.94161320e-07,  7.81951527e-04],\n",
        "          [-3.41776087e-03,  1.78763457e+01,  2.67851606e-02,\n",
        "            -3.49099912e-01,  8.24869726e-03, -3.31697684e-01],\n",
        "          [ 4.84698952e-04,  2.67851606e-02,  4.66983632e-03,\n",
        "            1.50214260e-03,  4.36204755e-05,  2.13904331e-03],\n",
        "          [ 2.22795039e-04, -3.49099912e-01,  1.50214260e-03,\n",
        "            3.10146491e-02,  4.10061211e-04,  1.04230054e-02],\n",
        "          [-4.94161320e-07,  8.24869726e-03,  4.36204755e-05,\n",
        "            4.10061211e-04,  4.20073955e-04, -9.87432552e-05],\n",
        "          [ 7.81951527e-04, -3.31697684e-01,  2.13904331e-03,\n",
        "            1.04230054e-02, -9.87432552e-05,  6.25067971e-02]])\n",
        "    if class_num == 3:\n",
        "        if passband == 'g':\n",
        "            means = np.array([-10.18427914,   2.792286  ,   0.47702025,  -3.72591354,\n",
        "            15.2837809 ,  -3.00479932])\n",
        "            covariance = np.array([[ 3.10840012e+02,  3.17985842e-01,  7.54306937e+01,\n",
        "            1.74068033e+00, -2.16771036e+01,  2.88678803e+00],\n",
        "          [ 3.17985842e-01,  9.75398081e-02,  8.68889683e-01,\n",
        "            1.08233544e+00, -8.80358039e-02,  6.82183780e-03],\n",
        "          [ 7.54306937e+01,  8.68889683e-01,  2.59489384e+02,\n",
        "            2.23442935e+01, -5.69315441e+01,  8.69842356e+00],\n",
        "          [ 1.74068033e+00,  1.08233544e+00,  2.23442935e+01,\n",
        "            5.16339833e+01, -2.53671828e+01, -1.58258832e+00],\n",
        "          [-2.16771036e+01, -8.80358039e-02, -5.69315441e+01,\n",
        "            -2.53671828e+01,  7.29335630e+01, -2.07657970e+00],\n",
        "          [ 2.88678803e+00,  6.82183780e-03,  8.69842356e+00,\n",
        "            -1.58258832e+00, -2.07657970e+00,  2.05566578e+00]])\n",
        "            inverse_covariance = np.array([[ 3.48796393e-03, -1.18878307e-02, -9.24616877e-04,\n",
        "            8.35736960e-04,  5.99892703e-04,  3.03135900e-04],\n",
        "          [-1.18878307e-02,  1.46900369e+01, -3.62255889e-02,\n",
        "            -3.77896426e-01, -1.54799912e-01, -3.26073780e-01],\n",
        "          [-9.24616877e-04, -3.62255889e-02,  5.69563186e-03,\n",
        "            -6.39548011e-04,  3.34127238e-03, -1.97991539e-02],\n",
        "          [ 8.35736960e-04, -3.77896426e-01, -6.39548011e-04,\n",
        "            3.50889955e-02,  1.27114936e-02,  4.26413074e-02],\n",
        "          [ 5.99892703e-04, -1.54799912e-01,  3.34127238e-03,\n",
        "            1.27114936e-02,  2.12086685e-02,  1.67434836e-02],\n",
        "          [ 3.03135900e-04, -3.26073780e-01, -1.97991539e-02,\n",
        "            4.26413074e-02,  1.67434836e-02,  6.20637648e-01]])\n",
        "    if class_num == 3:\n",
        "        if passband == 'r':\n",
        "            means = np.array([-10.59617649,   2.88554476,   0.35480169,  -3.87944743,\n",
        "            26.10156261,  -3.56913461])\n",
        "            covariance = np.array([[ 3.73666869e+02,  1.99781477e-01,  5.65442123e+01,\n",
        "            5.46415274e+00, -2.16984836e+01,  1.70348047e+00],\n",
        "          [ 1.99781477e-01,  8.24838142e-02,  2.01808064e-01,\n",
        "            1.10360760e+00, -2.74292148e-01,  2.13653826e-04],\n",
        "          [ 5.65442123e+01,  2.01808064e-01,  1.82371398e+02,\n",
        "            1.47410273e+01, -3.56050801e+01,  3.36822730e+00],\n",
        "          [ 5.46415274e+00,  1.10360760e+00,  1.47410273e+01,\n",
        "            4.22666574e+01, -1.21486285e+01, -1.54263176e+00],\n",
        "          [-2.16984836e+01, -2.74292148e-01, -3.56050801e+01,\n",
        "            -1.21486285e+01,  9.35589140e+01, -8.27725032e-01],\n",
        "          [ 1.70348047e+00,  2.13653826e-04,  3.36822730e+00,\n",
        "            -1.54263176e+00, -8.27725032e-01,  1.68355687e+00]])\n",
        "            inverse_covariance = np.array([[ 2.82177217e-03, -5.22706774e-03, -7.92607077e-04,\n",
        "            1.10225827e-04,  3.42946079e-04, -9.99154430e-04],\n",
        "          [-5.22706774e-03,  1.91728374e+01,  3.24225918e-02,\n",
        "            -5.33435382e-01, -6.83255711e-03, -5.54153329e-01],\n",
        "          [-7.92607077e-04,  3.24225918e-02,  6.56782803e-03,\n",
        "            -3.00708936e-03,  1.89490741e-03, -1.41658675e-02],\n",
        "          [ 1.10225827e-04, -5.33435382e-01, -3.00708936e-03,\n",
        "            4.11508805e-02,  3.06045707e-03,  4.51832885e-02],\n",
        "          [ 3.42946079e-04, -6.83255711e-03,  1.89490741e-03,\n",
        "            3.06045707e-03,  1.19064877e-02,  4.52092552e-03],\n",
        "          [-9.99154430e-04, -5.54153329e-01, -1.41658675e-02,\n",
        "            4.51832885e-02,  4.52092552e-03,  6.67026805e-01]])\n",
        "    if class_num == 51:\n",
        "        if passband == 'g':\n",
        "            means = np.array([-10.29326356,   2.72209162,  -0.1368755 ,  -0.51868397,\n",
        "            3.2200938 ,  -1.23968101])\n",
        "            covariance = np.array([[ 3.88872516e+02, -3.12472477e-01, -1.33424986e+01,\n",
        "            1.33112082e+01, -2.12849044e+01,  4.28544353e-01],\n",
        "          [-3.12472477e-01,  2.54288419e-01,  7.77425548e-02,\n",
        "            -3.31531984e-01, -7.22442916e-01,  2.13971661e-01],\n",
        "          [-1.33424986e+01,  7.77425548e-02,  1.85542468e+01,\n",
        "            -4.51285544e+00,  1.52300557e+00,  2.40882709e-01],\n",
        "          [ 1.33112082e+01, -3.31531984e-01, -4.51285544e+00,\n",
        "            1.02567725e+01, -3.34562077e+00, -4.63052971e-02],\n",
        "          [-2.12849044e+01, -7.22442916e-01,  1.52300557e+00,\n",
        "            -3.34562077e+00,  3.40936298e+01, -5.51071201e+00],\n",
        "          [ 4.28544353e-01,  2.13971661e-01,  2.40882709e-01,\n",
        "            -4.63052971e-02, -5.51071201e+00,  1.57573333e+00]])\n",
        "            inverse_covariance = np.array([[ 2.84316396e-03,  1.07480810e-03,  1.14974359e-03,\n",
        "            -2.08891768e-03,  3.11583391e-03,  9.74046905e-03],\n",
        "          [ 1.07480810e-03,  4.67632632e+00,  2.67237105e-02,\n",
        "            1.68533689e-01,  2.88930853e-02, -5.33385759e-01],\n",
        "          [ 1.14974359e-03,  2.67237105e-02,  6.12633057e-02,\n",
        "            2.54990530e-02, -2.25463299e-03, -2.04425427e-02],\n",
        "          [-2.08891768e-03,  1.68533689e-01,  2.54990530e-02,\n",
        "            1.24393847e-01,  2.22861860e-02,  5.53801362e-02],\n",
        "          [ 3.11583391e-03,  2.88930853e-02, -2.25463299e-03,\n",
        "            2.22861860e-02,  7.72132851e-02,  2.66261852e-01],\n",
        "          [ 9.74046905e-03, -5.33385759e-01, -2.04425427e-02,\n",
        "            5.53801362e-02,  2.66261852e-01,  1.64033863e+00]])\n",
        "    if class_num == 51:\n",
        "        if passband == 'r':\n",
        "            means = np.array([-6.247582  ,  3.11743579, -2.43053142, -1.1394795 ,  2.98425419,\n",
        "          -1.00417541])\n",
        "            covariance = np.array([[ 5.96150639e+01,  3.09448676e-02, -1.63384419e+01,\n",
        "            -9.99240560e-01,  9.95568546e-01, -2.00701436e-01],\n",
        "          [ 3.09448676e-02,  1.03100494e-01,  3.68700715e-01,\n",
        "            -1.06107626e-01, -1.64899778e-01,  2.65277201e-02],\n",
        "          [-1.63384419e+01,  3.68700715e-01,  1.01627260e+02,\n",
        "            -4.65771700e+00,  2.06429604e-01,  3.97231825e-01],\n",
        "          [-9.99240560e-01, -1.06107626e-01, -4.65771700e+00,\n",
        "            5.07561735e+00, -1.16734074e+00, -8.32255381e-02],\n",
        "          [ 9.95568546e-01, -1.64899778e-01,  2.06429604e-01,\n",
        "            -1.16734074e+00,  2.66323010e+00, -1.79434883e-01],\n",
        "          [-2.00701436e-01,  2.65277201e-02,  3.97231825e-01,\n",
        "            -8.32255381e-02, -1.79434883e-01,  1.21463111e-01]])\n",
        "            inverse_covariance = np.array([[ 1.78799414e-02, -2.43063826e-02,  3.12500940e-03,\n",
        "            5.13135205e-03, -4.75908533e-03,  2.11182082e-02],\n",
        "          [-2.43063826e-02,  1.18282165e+01, -2.63989297e-02,\n",
        "            3.97073593e-01,  8.49490027e-01, -1.01012265e+00],\n",
        "          [ 3.12500940e-03, -2.63989297e-02,  1.09567327e-02,\n",
        "            9.63030307e-03, -7.37582770e-04, -1.93945844e-02],\n",
        "          [ 5.13135205e-03,  3.97073593e-01,  9.63030307e-03,\n",
        "            2.55250574e-01,  1.53466661e-01,  2.91871238e-01],\n",
        "          [-4.75908533e-03,  8.49490027e-01, -7.37582770e-04,\n",
        "            1.53466661e-01,  5.45718932e-01,  7.20351720e-01],\n",
        "          [ 2.11182082e-02, -1.01012265e+00, -1.93945844e-02,\n",
        "            2.91871238e-01,  7.20351720e-01,  9.81603560e+00]])\n",
        "    if class_num == 60:\n",
        "        if passband == 'g':\n",
        "            means = np.array([-10.17341807,   2.8838675 ,  -5.24502116,   2.0703321 ,\n",
        "          261.03238353, -11.47825936])\n",
        "            covariance = np.array([[ 5.05746493e+02,  1.35012126e+00,  8.05869121e+01,\n",
        "            6.53514912e+01, -8.97009800e+02,  7.01409542e+01],\n",
        "          [ 1.35012126e+00,  1.32424164e-01,  5.30726729e-01,\n",
        "            2.53200974e+00,  5.04988974e+01,  2.09847597e+00],\n",
        "          [ 8.05869121e+01,  5.30726729e-01,  2.60234227e+03,\n",
        "            1.81705943e+02, -9.47030731e+03,  1.94695006e+02],\n",
        "          [ 6.53514912e+01,  2.53200974e+00,  1.81705943e+02,\n",
        "            1.38654222e+02,  1.24251477e+03,  3.70727126e+01],\n",
        "          [-8.97009800e+02,  5.04988974e+01, -9.47030731e+03,\n",
        "            1.24251477e+03,  1.65979369e+06, -2.71867234e+03],\n",
        "          [ 7.01409542e+01,  2.09847597e+00,  1.94695006e+02,\n",
        "            3.70727126e+01, -2.71867234e+03,  1.09237264e+03]])\n",
        "            inverse_covariance = np.array([[ 2.12310208e-03, -2.32645427e-03,  1.66325095e-05,\n",
        "            -9.70855193e-04,  1.88066526e-06, -9.71898337e-05],\n",
        "          [-2.32645427e-03,  1.24520342e+01,  1.51520710e-02,\n",
        "            -2.39856290e-01, -1.44715632e-04, -1.86918434e-02],\n",
        "          [ 1.66325095e-05,  1.51520710e-02,  4.58203803e-04,\n",
        "            -8.89219208e-04,  2.70530213e-06, -7.49307219e-05],\n",
        "          [-9.70855193e-04, -2.39856290e-01, -8.89219208e-04,\n",
        "            1.32285984e-02, -7.85456311e-06,  2.13097517e-04],\n",
        "          [ 1.88066526e-06, -1.44715632e-04,  2.70530213e-06,\n",
        "            -7.85456311e-06,  6.31698954e-07,  1.51380049e-06],\n",
        "          [-9.71898337e-05, -1.86918434e-02, -7.49307219e-05,\n",
        "            2.13097517e-04,  1.51380049e-06,  9.67477025e-04]])\n",
        "    if class_num == 60:\n",
        "        if passband == 'r':\n",
        "            means = np.array([-8.02906358e+00,  2.96947335e+00, -4.66280500e+01,  4.23572760e+00,\n",
        "            3.03448593e+03, -1.30629127e+01])\n",
        "            covariance = np.array([[ 2.13089249e+02,  4.50488596e-01,  4.28770947e+02,\n",
        "            3.73067997e+01,  1.27075229e+04,  1.34508322e+01],\n",
        "          [ 4.50488596e-01,  7.03075384e-02, -8.46222898e+00,\n",
        "            1.48287810e+00, -1.75325477e+02, -1.31672340e-01],\n",
        "          [ 4.28770947e+02, -8.46222898e+00,  1.98748091e+04,\n",
        "            6.71758736e+01,  6.75843324e+04,  1.27238851e+03],\n",
        "          [ 3.73067997e+01,  1.48287810e+00,  6.71758736e+01,\n",
